0,1,2,4,5,6,7,11
1,0,2,3,4
2,0,1,3,6,14
3,1,2,4,10,14,19,20
4,0,1,3,5,20,21
5,0,4,21
6,0,2,11,13,14,17
7,0,8,9,11,15
8,7,9,11
9,7,8,15
10,3,14,18,19
11,0,6,7,8,12,13
12,11,13
13,6,11,12,16,17
14,2,3,6,10,17,18
15,7,9
16,13,17,32,36,38,48
17,6,13,14,16,18,36
18,14,10,17,19,28,36,72
19,3,10,18,20,22,23,72
20,3,4,19,21,22
21,4,5,20,22,24
22,19,20,21,23,24
23,19,22,24,25,31,34,35,72
24,21,22,23,25
25,24,23,26,27,31
26,25,27
27,25,26,31
28,18,29,36,38,72
29,28,30,34,72
30,29,33,34,35
31,23,25,27,33,35
32,16,38
33,30,31,35
34,23,29,30,35,72
35,23,30,31,33,34
36,16,17,18,28,38
37,41
38,16,28,32,36,39
39,38,40,42,43
40,39,41
41,40,37
42,39,43,44
43,39,42,44,45,71
44,42,43,45,46
45,43,44,46,64,65
46,44,45,47,64
47,46,48,53,54,56
48,16,47,49,50,51,53
49,48,50
50,48,49,51,52
51,48,50,52,53,55
52,50,51,55
53,47,48,51,54,55
54,47,53,55,56,57
55,51,52,53,54,57
56,47,54,57,63
57,54,55,56,58,59,63
58,57,59,60,61,62,63
59,57,58,60
60,59,58,62
61,58,62,63,64
62,58,60,61
63,56,57,58,61,64
64,45,63,61,65,46
65,45,63,61,65,46,66
66,65,67
67,66,68
68,67,69
69,68,70
70,69,81
71,43
72,18,28,29,34,23,19
80, 81
81,70,82
82,81,84
84,82
